Paragraph 1:
0011001010101001010011000110101010001001010
01111100100100001010010010000110001001011011
01010100100001101100100101111001101100101101
101000

Paragraph 2:
01111000110001010000111011001000011010101001
0010010110001001010001110101010001010101101
01100000110111001010010100101011100101000011
10110010000110101010000110001111000110001101
00111010110101101001100001110110010000101000
110010110100110000111010011110011011010101

Paragraph 3:
00111011001000011000001110101010010010000011
11001010110000011000101000110000111001110011
00001111000110111001010010100010001101001101
10110101010010000110101111000110011010100010
00110000011101011001100100001101000

Paragraph 4:
01110001101110100101010100001110110010000110
10101000011101011110001010110110010010110110
0101010010100101000100101001101110010010001
0010100101001010111001010010010100011010011
00001100101101
